Date/Time                   Pre.   Obs.  Res.  Wsp. Wdr. Wgt. Bar.   Air  Water Humid
(Local Time)                                (ft.)      (ft.)     (ft.)    (kts.)  (true)  (kts.)   (mb.)      (oF)      (oF)       (%)
11/14/2006 09:48:00 AHST   2.01   2.17   0.16 -999 -999 -999 -999.9 -99.9  77.0 -999.9
11/14/2006 09:54:00 AHST   2.03   2.17   0.14 -999 -999 -999 -999.9 -99.9  77.0 -999.9
11/14/2006 10:00:00 AHST   2.05   2.32   0.27 -999 -999 -999 -999.9 -99.9  77.2 -999.9
11/14/2006 10:06:00 AHST   2.06   2.20   0.14 -999 -999 -999 -999.9 -99.9  77.2 -999.9
11/14/2006 10:12:00 AHST   2.08   2.22   0.14 -999 -999 -999 -999.9 -99.9  77.4 -999.9
11/14/2006 10:18:00 AHST   2.09   2.23   0.14 -999 -999 -999 -999.9 -99.9  77.4 -999.9
11/14/2006 10:24:00 AHST   2.10   2.30   0.20 -999 -999 -999 -999.9 -99.9  77.4 -999.9
11/14/2006 10:30:00 AHST   2.11   2.28   0.17 -999 -999 -999 -999.9 -99.9  77.5 -999.9
11/14/2006 10:36:00 AHST   2.12   2.26   0.14 -999 -999 -999 -999.9 -99.9  77.7 -999.9
11/14/2006 10:42:00 AHST   2.12   2.23   0.11 -999 -999 -999 -999.9 -99.9  77.7 -999.9
11/14/2006 10:48:00 AHST   2.13   2.31   0.18 -999 -999 -999 -999.9 -99.9  77.7 -999.9
11/14/2006 10:54:00 AHST   2.13   2.26   0.13 -999 -999 -999 -999.9 -99.9  77.7 -999.9
11/14/2006 11:00:00 AHST   2.13   2.32   0.19 -999 -999 -999 -999.9 -99.9  77.7 -999.9
11/14/2006 11:06:00 AHST   2.13   2.24   0.11 -999 -999 -999 -999.9 -99.9  77.7 -999.9
11/14/2006 11:12:00 AHST   2.13   2.21   0.08 -999 -999 -999 -999.9 -99.9  77.9 -999.9
11/14/2006 11:18:00 AHST   2.13   2.34   0.21 -999 -999 -999 -999.9 -99.9  77.9 -999.9
11/14/2006 11:24:00 AHST   2.12   2.25   0.13 -999 -999 -999 -999.9 -99.9  77.9 -999.9
11/14/2006 11:30:00 AHST   2.11   2.23   0.12 -999 -999 -999 -999.9 -99.9  77.9 -999.9
11/14/2006 11:36:00 AHST   2.11   2.22   0.11 -999 -999 -999 -999.9 -99.9  77.9 -999.9
11/14/2006 11:42:00 AHST   2.10   2.22   0.12 -999 -999 -999 -999.9 -99.9  77.9 -999.9
11/14/2006 11:48:00 AHST   2.08   2.25   0.17 -999 -999 -999 -999.9 -99.9  77.9 -999.9
11/14/2006 11:54:00 AHST   2.07   2.22   0.15 -999 -999 -999 -999.9 -99.9  77.9 -999.9
11/14/2006 12:00:00 AHST   2.05   2.16   0.11 -999 -999 -999 -999.9 -99.9  77.9 -999.9
11/14/2006 12:06:00 AHST   2.04   2.16   0.12 -999 -999 -999 -999.9 -99.9  77.9 -999.9
11/14/2006 12:12:00 AHST   2.02   2.12   0.10 -999 -999 -999 -999.9 -99.9  77.9 -999.9
11/14/2006 12:18:00 AHST   2.00   2.18   0.18 -999 -999 -999 -999.9 -99.9  77.9 -999.9
11/14/2006 12:24:00 AHST   1.98   2.12   0.14 -999 -999 -999 -999.9 -99.9  77.9 -999.9
11/14/2006 12:30:00 AHST   1.96   2.04   0.08 -999 -999 -999 -999.9 -99.9  77.9 -999.9
11/14/2006 12:36:00 AHST   1.93   2.08   0.15 -999 -999 -999 -999.9 -99.9  77.9 -999.9
11/14/2006 12:42:00 AHST   1.91   1.97   0.06 -999 -999 -999 -999.9 -99.9  77.9 -999.9
11/14/2006 12:48:00 AHST   1.88   2.02   0.14 -999 -999 -999 -999.9 -99.9  78.1 -999.9
11/14/2006 12:54:00 AHST   1.85   2.04   0.19 -999 -999 -999 -999.9 -99.9  78.1 -999.9
11/14/2006 13:00:00 AHST   1.82   1.92   0.10 -999 -999 -999 -999.9 -99.9  78.1 -999.9
11/14/2006 13:06:00 AHST   1.79   1.89   0.10 -999 -999 -999 -999.9 -99.9  78.1 -999.9
11/14/2006 13:12:00 AHST   1.77   1.83   0.06 -999 -999 -999 -999.9 -99.9  78.1 -999.9
11/14/2006 13:18:00 AHST   1.73   1.92   0.19 -999 -999 -999 -999.9 -99.9  78.1 -999.9
11/14/2006 13:24:00 AHST   1.70   1.92   0.22 -999 -999 -999 -999.9 -99.9  78.1 -999.9
11/14/2006 13:30:00 AHST   1.66   1.81   0.15 -999 -999 -999 -999.9 -99.9  78.1 -999.9
11/14/2006 13:36:00 AHST   1.63   1.68   0.05 -999 -999 -999 -999.9 -99.9  77.9 -999.9
11/14/2006 13:42:00 AHST   1.59   1.70   0.11 -999 -999 -999 -999.9 -99.9  78.1 -999.9
11/14/2006 13:48:00 AHST   1.56   1.77   0.21 -999 -999 -999 -999.9 -99.9  78.1 -999.9
11/14/2006 13:54:00 AHST   1.52   1.76   0.24 -999 -999 -999 -999.9 -99.9  78.1 -999.9
11/14/2006 14:00:00 AHST   1.48   1.59   0.11 -999 -999 -999 -999.9 -99.9  78.1 -999.9
11/14/2006 14:06:00 AHST   1.44   1.54   0.10 -999 -999 -999 -999.9 -99.9  78.1 -999.9
11/14/2006 14:12:00 AHST   1.41   1.57   0.16 -999 -999 -999 -999.9 -99.9  78.1 -999.9
11/14/2006 14:18:00 AHST   1.37   1.60   0.23 -999 -999 -999 -999.9 -99.9  78.1 -999.9
11/14/2006 14:24:00 AHST   1.33   1.56   0.23 -999 -999 -999 -999.9 -99.9  78.1 -999.9
11/14/2006 14:30:00 AHST   1.29   1.43   0.14 -999 -999 -999 -999.9 -99.9  78.3 -999.9
11/14/2006 14:36:00 AHST   1.25   1.42   0.17 -999 -999 -999 -999.9 -99.9  78.3 -999.9
11/14/2006 14:42:00 AHST   1.21   1.38   0.17 -999 -999 -999 -999.9 -99.9  78.3 -999.9
11/14/2006 14:48:00 AHST   1.17   1.37   0.20 -999 -999 -999 -999.9 -99.9  78.3 -999.9
11/14/2006 14:54:00 AHST   1.14   1.39   0.25 -999 -999 -999 -999.9 -99.9  78.4 -999.9
11/14/2006 15:00:00 AHST   1.10   1.31   0.21 -999 -999 -999 -999.9 -99.9  78.4 -999.9
11/14/2006 15:06:00 AHST   1.06   1.22   0.16 -999 -999 -999 -999.9 -99.9  78.4 -999.9
11/14/2006 15:12:00 AHST   1.02   1.17   0.15 -999 -999 -999 -999.9 -99.9  78.3 -999.9
11/14/2006 15:18:00 AHST   0.98   1.23   0.25 -999 -999 -999 -999.9 -99.9  78.3 -999.9
11/14/2006 15:24:00 AHST   0.95   1.19   0.24 -999 -999 -999 -999.9 -99.9  78.3 -999.9
11/14/2006 15:30:00 AHST   0.91   1.19   0.28 -999 -999 -999 -999.9 -99.9  78.3 -999.9
11/14/2006 15:36:00 AHST   0.88   1.04   0.16 -999 -999 -999 -999.9 -99.9  78.3 -999.9
11/14/2006 15:42:00 AHST   0.85   1.15   0.30 -999 -999 -999 -999.9 -99.9  78.3 -999.9
11/14/2006 15:48:00 AHST   0.81   1.05   0.24 -999 -999 -999 -999.9 -99.9  78.3 -999.9
11/14/2006 15:54:00 AHST   0.78   1.02   0.24 -999 -999 -999 -999.9 -99.9  78.3 -999.9
11/14/2006 16:00:00 AHST   0.75   1.06   0.31 -999 -999 -999 -999.9 -99.9  78.3 -999.9
11/14/2006 16:06:00 AHST   0.72   1.04   0.32 -999 -999 -999 -999.9 -99.9  78.3 -999.9
11/14/2006 16:12:00 AHST   0.69   0.95   0.26 -999 -999 -999 -999.9 -99.9  78.3 -999.9
11/14/2006 16:18:00 AHST   0.66   0.95   0.29 -999 -999 -999 -999.9 -99.9  78.3 -999.9
11/14/2006 16:24:00 AHST   0.64   0.97   0.33 -999 -999 -999 -999.9 -99.9  78.3 -999.9
11/14/2006 16:30:00 AHST   0.61   0.94   0.33 -999 -999 -999 -999.9 -99.9  78.3 -999.9
11/14/2006 16:36:00 AHST   0.59   0.91   0.32 -999 -999 -999 -999.9 -99.9  78.3 -999.9
11/14/2006 16:42:00 AHST   0.57   0.88   0.31 -999 -999 -999 -999.9 -99.9 -99.9 -999.9
11/14/2006 16:48:00 AHST   0.55   0.95   0.40 -999 -999 -999 -999.9 -99.9  78.3 -999.9
11/14/2006 16:54:00 AHST   0.53   0.78   0.25 -999 -999 -999 -999.9 -99.9  78.3 -999.9
11/14/2006 17:00:00 AHST   0.51   0.86   0.35 -999 -999 -999 -999.9 -99.9  78.3 -999.9
11/14/2006 17:06:00 AHST   0.50   0.88   0.38 -999 -999 -999 -999.9 -99.9  78.3 -999.9
11/14/2006 17:12:00 AHST   0.48   0.83   0.35 -999 -999 -999 -999.9 -99.9  78.3 -999.9
11/14/2006 17:18:00 AHST   0.47   0.83   0.36 -999 -999 -999 -999.9 -99.9  78.3 -999.9
11/14/2006 17:24:00 AHST   0.46   0.82   0.36 -999 -999 -999 -999.9 -99.9  78.3 -999.9
11/14/2006 17:30:00 AHST   0.45   0.82   0.37 -999 -999 -999 -999.9 -99.9  78.3 -999.9
11/14/2006 17:36:00 AHST   0.45   0.83   0.38 -999 -999 -999 -999.9 -99.9  78.3 -999.9
11/14/2006 17:42:00 AHST   0.44   0.81   0.37 -999 -999 -999 -999.9 -99.9  78.3 -999.9
11/14/2006 17:48:00 AHST   0.44   0.76   0.32 -999 -999 -999 -999.9 -99.9  78.3 -999.9
11/14/2006 17:54:00 AHST   0.43   0.84   0.41 -999 -999 -999 -999.9 -99.9  78.3 -999.9
11/14/2006 18:00:00 AHST   0.43   0.78   0.35 -999 -999 -999 -999.9 -99.9  78.3 -999.9
11/14/2006 18:06:00 AHST   0.44   0.78   0.34 -999 -999 -999 -999.9 -99.9  78.3 -999.9
11/14/2006 18:12:00 AHST   0.44   0.78   0.34 -999 -999 -999 -999.9 -99.9  78.3 -999.9
11/14/2006 18:18:00 AHST   0.44   0.81   0.37 -999 -999 -999 -999.9 -99.9  78.1 -999.9
11/14/2006 18:24:00 AHST   0.45   0.83   0.38 -999 -999 -999 -999.9 -99.9  78.1 -999.9
11/14/2006 18:30:00 AHST   0.46   0.83   0.37 -999 -999 -999 -999.9 -99.9  78.1 -999.9
11/14/2006 18:36:00 AHST   0.47   0.83   0.36 -999 -999 -999 -999.9 -99.9  78.1 -999.9
11/14/2006 18:42:00 AHST   0.48   0.82   0.34 -999 -999 -999 -999.9 -99.9  78.3 -999.9
11/14/2006 18:48:00 AHST   0.50   0.83   0.33 -999 -999 -999 -999.9 -99.9  78.3 -999.9
11/14/2006 18:54:00 AHST   0.51   0.93   0.42 -999 -999 -999 -999.9 -99.9  78.3 -999.9
11/14/2006 19:00:00 AHST   0.52   0.86   0.34 -999 -999 -999 -999.9 -99.9  78.3 -999.9
11/14/2006 19:06:00 AHST   0.54   0.92   0.38 -999 -999 -999 -999.9 -99.9  78.3 -999.9
11/14/2006 19:12:00 AHST   0.56   0.82   0.26 -999 -999 -999 -999.9 -99.9  78.3 -999.9
11/14/2006 19:18:00 AHST   0.58   0.89   0.31 -999 -999 -999 -999.9 -99.9  78.3 -999.9
11/14/2006 19:24:00 AHST   0.60   1.04   0.44 -999 -999 -999 -999.9 -99.9  78.1 -999.9
11/14/2006 19:30:00 AHST   0.63   0.97   0.34 -999 -999 -999 -999.9 -99.9  78.1 -999.9
11/14/2006 19:36:00 AHST   0.65   0.98   0.33 -999 -999 -999 -999.9 -99.9  78.1 -999.9
11/14/2006 19:42:00 AHST   0.68   0.92   0.24 -999 -999 -999 -999.9 -99.9  78.1 -999.9
11/14/2006 19:48:00 AHST   0.70   1.02   0.32 -999 -999 -999 -999.9 -99.9  78.1 -999.9
11/14/2006 19:54:00 AHST   0.73   1.08   0.35 -999 -999 -999 -999.9 -99.9  78.1 -999.9
11/14/2006 20:00:00 AHST   0.76   1.20   0.44 -999 -999 -999 -999.9 -99.9  78.1 -999.9
11/14/2006 20:06:00 AHST   0.79   1.02   0.23 -999 -999 -999 -999.9 -99.9  78.1 -999.9
11/14/2006 20:12:00 AHST   0.82   1.11   0.29 -999 -999 -999 -999.9 -99.9  78.1 -999.9
11/14/2006 20:18:00 AHST   0.85   1.08   0.23 -999 -999 -999 -999.9 -99.9  78.1 -999.9
11/14/2006 20:24:00 AHST   0.88   1.20   0.32 -999 -999 -999 -999.9 -99.9  78.1 -999.9
11/14/2006 20:30:00 AHST   0.91   1.20   0.29 -999 -999 -999 -999.9 -99.9  78.1 -999.9
11/14/2006 20:36:00 AHST   0.94   1.17   0.23 -999 -999 -999 -999.9 -99.9  78.1 -999.9
11/14/2006 20:42:00 AHST   0.97   1.30   0.33 -999 -999 -999 -999.9 -99.9  78.1 -999.9
11/14/2006 20:48:00 AHST   1.00   1.26   0.26 -999 -999 -999 -999.9 -99.9  78.1 -999.9
11/14/2006 20:54:00 AHST   1.04   1.33   0.29 -999 -999 -999 -999.9 -99.9  78.1 -999.9
11/14/2006 21:00:00 AHST   1.07   1.35   0.28 -999 -999 -999 -999.9 -99.9  78.1 -999.9
11/14/2006 21:06:00 AHST   1.10   1.36   0.26 -999 -999 -999 -999.9 -99.9  78.1 -999.9
11/14/2006 21:12:00 AHST   1.14   1.34   0.20 -999 -999 -999 -999.9 -99.9  78.1 -999.9
11/14/2006 21:18:00 AHST   1.17   1.50   0.33 -999 -999 -999 -999.9 -99.9  78.1 -999.9
11/14/2006 21:24:00 AHST   1.20   1.46   0.26 -999 -999 -999 -999.9 -99.9  78.1 -999.9
11/14/2006 21:30:00 AHST   1.23   1.44   0.21 -999 -999 -999 -999.9 -99.9  78.1 -999.9
11/14/2006 21:36:00 AHST   1.26   1.50   0.24 -999 -999 -999 -999.9 -99.9  78.1 -999.9
11/14/2006 21:42:00 AHST   1.29   1.55   0.26 -999 -999 -999 -999.9 -99.9  78.1 -999.9
11/14/2006 21:48:00 AHST   1.33   1.56   0.23 -999 -999 -999 -999.9 -99.9  78.1 -999.9
11/14/2006 21:54:00 AHST   1.35   1.56   0.21 -999 -999 -999 -999.9 -99.9  78.1 -999.9
11/14/2006 22:00:00 AHST   1.38   1.57   0.19 -999 -999 -999 -999.9 -99.9  78.1 -999.9
11/14/2006 22:06:00 AHST   1.41   1.65   0.24 -999 -999 -999 -999.9 -99.9  78.1 -999.9
11/14/2006 22:12:00 AHST   1.44   1.59   0.15 -999 -999 -999 -999.9 -99.9  78.1 -999.9
11/14/2006 22:18:00 AHST   1.47   1.72   0.25 -999 -999 -999 -999.9 -99.9  78.1 -999.9
11/14/2006 22:24:00 AHST   1.49   1.72   0.23 -999 -999 -999 -999.9 -99.9  78.1 -999.9
11/14/2006 22:30:00 AHST   1.52   1.62   0.10 -999 -999 -999 -999.9 -99.9  78.1 -999.9
11/14/2006 22:36:00 AHST   1.54   1.70   0.16 -999 -999 -999 -999.9 -99.9  78.1 -999.9
11/14/2006 22:42:00 AHST   1.56   1.70   0.14 -999 -999 -999 -999.9 -99.9  78.1 -999.9
11/14/2006 22:48:00 AHST   1.58   1.80   0.22 -999 -999 -999 -999.9 -99.9  78.1 -999.9
11/14/2006 22:54:00 AHST   1.61   1.76   0.15 -999 -999 -999 -999.9 -99.9  78.1 -999.9
11/14/2006 23:00:00 AHST   1.62   1.77   0.15 -999 -999 -999 -999.9 -99.9  78.1 -999.9
11/14/2006 23:06:00 AHST   1.64   1.73   0.09 -999 -999 -999 -999.9 -99.9  78.1 -999.9
11/14/2006 23:12:00 AHST   1.66   1.75   0.09 -999 -999 -999 -999.9 -99.9  78.1 -999.9
11/14/2006 23:18:00 AHST   1.68   1.89   0.21 -999 -999 -999 -999.9 -99.9  78.1 -999.9
11/14/2006 23:24:00 AHST   1.69   1.84   0.15 -999 -999 -999 -999.9 -99.9  78.1 -999.9
11/14/2006 23:30:00 AHST   1.70   1.80   0.10 -999 -999 -999 -999.9 -99.9  78.1 -999.9
11/14/2006 23:36:00 AHST   1.71   1.79   0.08 -999 -999 -999 -999.9 -99.9  78.1 -999.9
11/14/2006 23:42:00 AHST   1.72   1.77   0.05 -999 -999 -999 -999.9 -99.9  78.1 -999.9
11/14/2006 23:48:00 AHST   1.73   1.92   0.19 -999 -999 -999 -999.9 -99.9  78.1 -999.9
11/14/2006 23:54:00 AHST   1.74   1.94   0.20 -999 -999 -999 -999.9 -99.9  78.1 -999.9
11/15/2006 00:00:00 AHST   1.74   1.81   0.07 -999 -999 -999 -999.9 -99.9  78.1 -999.9
11/15/2006 00:06:00 AHST   1.75   1.85   0.10 -999 -999 -999 -999.9 -99.9  78.1 -999.9
11/15/2006 00:12:00 AHST   1.75   1.81   0.06 -999 -999 -999 -999.9 -99.9  78.1 -999.9
11/15/2006 00:18:00 AHST   1.75   1.87   0.12 -999 -999 -999 -999.9 -99.9  78.1 -999.9
11/15/2006 00:24:00 AHST   1.75   1.96   0.21 -999 -999 -999 -999.9 -99.9  78.1 -999.9
11/15/2006 00:30:00 AHST   1.75   1.87   0.12 -999 -999 -999 -999.9 -99.9  78.1 -999.9
11/15/2006 00:36:00 AHST   1.74   1.78   0.04 -999 -999 -999 -999.9 -99.9  78.1 -999.9
11/15/2006 00:42:00 AHST   1.74   1.78   0.04 -999 -999 -999 -999.9 -99.9  78.1 -999.9
11/15/2006 00:48:00 AHST   1.73   1.91   0.18 -999 -999 -999 -999.9 -99.9  78.1 -999.9
11/15/2006 00:54:00 AHST   1.72   1.90   0.18 -999 -999 -999 -999.9 -99.9  78.1 -999.9
11/15/2006 01:00:00 AHST   1.71   1.79   0.08 -999 -999 -999 -999.9 -99.9  78.1 -999.9
11/15/2006 01:06:00 AHST   1.70   1.78   0.08 -999 -999 -999 -999.9 -99.9  78.1 -999.9
11/15/2006 01:12:00 AHST   1.69   1.77   0.08 -999 -999 -999 -999.9 -99.9  78.1 -999.9
11/15/2006 01:18:00 AHST   1.68   1.74   0.06 -999 -999 -999 -999.9 -99.9  78.1 -999.9
11/15/2006 01:24:00 AHST   1.67   1.87   0.20 -999 -999 -999 -999.9 -99.9  78.1 -999.9
11/15/2006 01:30:00 AHST   1.65   1.83   0.18 -999 -999 -999 -999.9 -99.9  78.1 -999.9
11/15/2006 01:36:00 AHST   1.63   1.67   0.04 -999 -999 -999 -999.9 -99.9  78.1 -999.9
11/15/2006 01:42:00 AHST   1.62   1.70   0.08 -999 -999 -999 -999.9 -99.9  78.1 -999.9
11/15/2006 01:48:00 AHST   1.60   1.77   0.17 -999 -999 -999 -999.9 -99.9  78.1 -999.9
11/15/2006 01:54:00 AHST   1.58   1.60   0.02 -999 -999 -999 -999.9 -99.9  78.1 -999.9
11/15/2006 02:00:00 AHST   1.56   1.66   0.10 -999 -999 -999 -999.9 -99.9  78.1 -999.9
11/15/2006 02:06:00 AHST   1.54   1.72   0.18 -999 -999 -999 -999.9 -99.9  78.1 -999.9
11/15/2006 02:12:00 AHST   1.52   1.61   0.09 -999 -999 -999 -999.9 -99.9  78.1 -999.9
11/15/2006 02:18:00 AHST   1.50   1.57   0.07 -999 -999 -999 -999.9 -99.9  78.1 -999.9
11/15/2006 02:24:00 AHST   1.48   1.63   0.15 -999 -999 -999 -999.9 -99.9  78.1 -999.9
11/15/2006 02:30:00 AHST   1.46   1.61   0.15 -999 -999 -999 -999.9 -99.9  77.9 -999.9
11/15/2006 02:36:00 AHST   1.43   1.54   0.11 -999 -999 -999 -999.9 -99.9  77.9 -999.9
11/15/2006 02:42:00 AHST   1.41   1.53   0.12 -999 -999 -999 -999.9 -99.9  77.7 -999.9
11/15/2006 02:48:00 AHST   1.39   1.48   0.09 -999 -999 -999 -999.9 -99.9  77.7 -999.9
11/15/2006 02:54:00 AHST   1.36   1.44   0.08 -999 -999 -999 -999.9 -99.9  77.7 -999.9
11/15/2006 03:00:00 AHST   1.34   1.50   0.16 -999 -999 -999 -999.9 -99.9  77.7 -999.9
11/15/2006 03:06:00 AHST   1.32   1.47   0.15 -999 -999 -999 -999.9 -99.9  77.7 -999.9
11/15/2006 03:12:00 AHST   1.29   1.44   0.15 -999 -999 -999 -999.9 -99.9  77.7 -999.9
11/15/2006 03:18:00 AHST   1.27   1.31   0.04 -999 -999 -999 -999.9 -99.9  77.7 -999.9
11/15/2006 03:24:00 AHST   1.25   1.38   0.13 -999 -999 -999 -999.9 -99.9  77.9 -999.9
11/15/2006 03:30:00 AHST   1.22   1.39   0.17 -999 -999 -999 -999.9 -99.9  77.9 -999.9
11/15/2006 03:36:00 AHST   1.20   1.36   0.16 -999 -999 -999 -999.9 -99.9  77.9 -999.9
11/15/2006 03:42:00 AHST   1.18   1.36   0.18 -999 -999 -999 -999.9 -99.9  77.9 -999.9
11/15/2006 03:48:00 AHST   1.16   1.26   0.10 -999 -999 -999 -999.9 -99.9  77.9 -999.9
11/15/2006 03:54:00 AHST   1.14   1.28   0.14 -999 -999 -999 -999.9 -99.9  77.9 -999.9
11/15/2006 04:00:00 AHST   1.12   1.26   0.14 -999 -999 -999 -999.9 -99.9  77.7 -999.9
11/15/2006 04:06:00 AHST   1.10   1.37   0.27 -999 -999 -999 -999.9 -99.9  77.9 -999.9
11/15/2006 04:12:00 AHST   1.08   1.33   0.25 -999 -999 -999 -999.9 -99.9  77.7 -999.9
11/15/2006 04:18:00 AHST   1.06   1.21   0.15 -999 -999 -999 -999.9 -99.9  77.7 -999.9
11/15/2006 04:24:00 AHST   1.05   1.11   0.06 -999 -999 -999 -999.9 -99.9  77.7 -999.9
11/15/2006 04:30:00 AHST   1.03   1.25   0.22 -999 -999 -999 -999.9 -99.9  77.7 -999.9
11/15/2006 04:36:00 AHST   1.02   1.35   0.33 -999 -999 -999 -999.9 -99.9  77.7 -999.9
11/15/2006 04:42:00 AHST   1.00   1.21   0.21 -999 -999 -999 -999.9 -99.9  77.7 -999.9
11/15/2006 04:48:00 AHST   0.99   1.17   0.18 -999 -999 -999 -999.9 -99.9  77.7 -999.9
11/15/2006 04:54:00 AHST   0.98   1.16   0.18 -999 -999 -999 -999.9 -99.9  77.7 -999.9
11/15/2006 05:00:00 AHST   0.97   1.22   0.25 -999 -999 -999 -999.9 -99.9  77.7 -999.9
11/15/2006 05:06:00 AHST   0.96   1.21   0.25 -999 -999 -999 -999.9 -99.9  77.7 -999.9
11/15/2006 05:12:00 AHST   0.95   1.21   0.26 -999 -999 -999 -999.9 -99.9  77.7 -999.9
11/15/2006 05:18:00 AHST   0.94   1.20   0.26 -999 -999 -999 -999.9 -99.9  77.7 -999.9
11/15/2006 05:24:00 AHST   0.94   1.14   0.20 -999 -999 -999 -999.9 -99.9  77.7 -999.9
11/15/2006 05:30:00 AHST   0.94   1.12   0.18 -999 -999 -999 -999.9 -99.9  77.7 -999.9
11/15/2006 05:36:00 AHST   0.94   1.26   0.32 -999 -999 -999 -999.9 -99.9  77.7 -999.9
11/15/2006 05:42:00 AHST   0.94   1.30   0.36 -999 -999 -999 -999.9 -99.9  77.7 -999.9
11/15/2006 05:48:00 AHST   0.94   1.18   0.24 -999 -999 -999 -999.9 -99.9  77.9 -999.9
11/15/2006 05:54:00 AHST   0.94   1.08   0.14 -999 -999 -999 -999.9 -99.9  77.7 -999.9
11/15/2006 06:00:00 AHST   0.94   1.26   0.32 -999 -999 -999 -999.9 -99.9  77.9 -999.9
11/15/2006 06:06:00 AHST   0.95   1.26   0.31 -999 -999 -999 -999.9 -99.9  77.9 -999.9
11/15/2006 06:12:00 AHST   0.95   1.27   0.32 -999 -999 -999 -999.9 -99.9  77.7 -999.9
11/15/2006 06:18:00 AHST   0.96   1.25   0.29 -999 -999 -999 -999.9 -99.9  77.5 -999.9
11/15/2006 06:24:00 AHST   0.97   1.23   0.26 -999 -999 -999 -999.9 -99.9  77.5 -999.9
11/15/2006 06:30:00 AHST   0.98   1.24   0.26 -999 -999 -999 -999.9 -99.9  77.5 -999.9
11/15/2006 06:36:00 AHST   0.99   1.39   0.40 -999 -999 -999 -999.9 -99.9  77.5 -999.9
11/15/2006 06:42:00 AHST   1.01   1.32   0.31 -999 -999 -999 -999.9 -99.9  77.5 -999.9
11/15/2006 06:48:00 AHST   1.02   1.33   0.31 -999 -999 -999 -999.9 -99.9  77.7 -999.9
11/15/2006 06:54:00 AHST   1.04   1.29   0.25 -999 -999 -999 -999.9 -99.9  77.5 -999.9
11/15/2006 07:00:00 AHST   1.06   1.33   0.27 -999 -999 -999 -999.9 -99.9  77.5 -999.9
11/15/2006 07:06:00 AHST   1.08   1.48   0.40 -999 -999 -999 -999.9 -99.9  77.5 -999.9
11/15/2006 07:12:00 AHST   1.10   1.39   0.29 -999 -999 -999 -999.9 -99.9  77.7 -999.9
11/15/2006 07:18:00 AHST   1.12   1.44   0.32 -999 -999 -999 -999.9 -99.9  77.5 -999.9
11/15/2006 07:24:00 AHST   1.14   1.45   0.31 -999 -999 -999 -999.9 -99.9  77.7 -999.9
11/15/2006 07:30:00 AHST   1.16   1.48   0.32 -999 -999 -999 -999.9 -99.9  77.7 -999.9
11/15/2006 07:36:00 AHST   1.18   1.55   0.37 -999 -999 -999 -999.9 -99.9 -99.9 -999.9
11/15/2006 07:42:00 AHST   1.21   1.55   0.34 -999 -999 -999 -999.9 -99.9  77.7 -999.9
11/15/2006 07:48:00 AHST   1.24   1.59   0.35 -999 -999 -999 -999.9 -99.9  77.7 -999.9
11/15/2006 07:54:00 AHST   1.26   1.61   0.35 -999 -999 -999 -999.9 -99.9  77.7 -999.9
11/15/2006 08:00:00 AHST   1.29   1.63   0.34 -999 -999 -999 -999.9 -99.9  77.7 -999.9
11/15/2006 08:06:00 AHST   1.32   1.71   0.39 -999 -999 -999 -999.9 -99.9  77.9 -999.9
11/15/2006 08:12:00 AHST   1.35   2.20   0.85 -999 -999 -999 -999.9 -99.9  78.1 -999.9
11/15/2006 08:18:00 AHST   1.37   1.92   0.55 -999 -999 -999 -999.9 -99.9  78.1 -999.9
11/15/2006 08:24:00 AHST   1.40   0.25  -1.15 -999 -999 -999 -999.9 -99.9  77.7 -999.9
11/15/2006 08:30:00 AHST   1.43   2.57   1.14 -999 -999 -999 -999.9 -99.9  77.9 -999.9
11/15/2006 08:36:00 AHST   1.46   2.28   0.82 -999 -999 -999 -999.9 -99.9  78.1 -999.9
11/15/2006 08:42:00 AHST   1.49   1.77   0.28 -999 -999 -999 -999.9 -99.9  77.7 -999.9
11/15/2006 08:48:00 AHST   1.52   2.13   0.61 -999 -999 -999 -999.9 -99.9  78.1 -999.9
11/15/2006 08:54:00 AHST   1.55   0.81  -0.74 -999 -999 -999 -999.9 -99.9  77.5 -999.9
11/15/2006 09:00:00 AHST   1.58   2.64   1.06 -999 -999 -999 -999.9 -99.9  77.7 -999.9
11/15/2006 09:06:00 AHST   1.61   1.84   0.23 -999 -999 -999 -999.9 -99.9  77.5 -999.9
11/15/2006 09:12:00 AHST   1.64   2.65   1.01 -999 -999 -999 -999.9 -99.9  77.7 -999.9
11/15/2006 09:18:00 AHST   1.67   0.98  -0.69 -999 -999 -999 -999.9 -99.9  77.5 -999.9
11/15/2006 09:24:00 AHST   1.70   1.86   0.16 -999 -999 -999 -999.9 -99.9  77.5 -999.9
11/15/2006 09:30:00 AHST   1.72   3.00   1.28 -999 -999 -999 -999.9 -99.9  77.7 -999.9
11/15/2006 09:36:00 AHST   1.75   1.68  -0.07 -999 -999 -999 -999.9 -99.9  77.5 -999.9
11/15/2006 09:42:00 AHST   1.78   2.59   0.81 -999 -999 -999 -999.9 -99.9  77.5 -999.9
11/15/2006 09:48:00 AHST   1.80   2.47   0.67 -999 -999 -999 -999.9 -99.9  77.7 -999.9
11/15/2006 09:54:00 AHST   1.83   0.82  -1.01 -999 -999 -999 -999.9 -99.9 -99.9 -999.9
11/15/2006 10:00:00 AHST   1.85   2.94   1.09 -999 -999 -999 -999.9 -99.9  77.7 -999.9
11/15/2006 10:06:00 AHST   1.87   2.38   0.51 -999 -999 -999 -999.9 -99.9  77.7 -999.9
11/15/2006 10:12:00 AHST   1.90   2.55   0.65 -999 -999 -999 -999.9 -99.9  77.7 -999.9
11/15/2006 10:18:00 AHST   1.92   1.92   0.00 -999 -999 -999 -999.9 -99.9  77.5 -999.9
11/15/2006 10:24:00 AHST   1.94   2.17   0.23 -999 -999 -999 -999.9 -99.9  77.4 -999.9
11/15/2006 10:30:00 AHST   1.96   1.73  -0.23 -999 -999 -999 -999.9 -99.9  77.4 -999.9
11/15/2006 10:36:00 AHST   1.97   2.82   0.85 -999 -999 -999 -999.9 -99.9  77.4 -999.9
11/15/2006 10:42:00 AHST   1.99   2.79   0.80 -999 -999 -999 -999.9 -99.9  77.5 -999.9
11/15/2006 10:48:00 AHST   2.00   1.49  -0.51 -999 -999 -999 -999.9 -99.9  77.5 -999.9
11/15/2006 10:54:00 AHST   2.01   2.64   0.63 -999 -999 -999 -999.9 -99.9  77.9 -999.9
11/15/2006 11:00:00 AHST   2.02   2.50   0.48 -999 -999 -999 -999.9 -99.9  78.1 -999.9
11/15/2006 11:06:00 AHST   2.03   1.89  -0.14 -999 -999 -999 -999.9 -99.9  77.9 -999.9
11/15/2006 11:12:00 AHST   2.04   2.89   0.85 -999 -999 -999 -999.9 -99.9  77.9 -999.9
11/15/2006 11:18:00 AHST   2.05   2.19   0.14 -999 -999 -999 -999.9 -99.9  77.7 -999.9
11/15/2006 11:24:00 AHST   2.05   2.11   0.06 -999 -999 -999 -999.9 -99.9  77.7 -999.9
11/15/2006 11:30:00 AHST   2.06   2.20   0.14 -999 -999 -999 -999.9 -99.9  77.7 -999.9
11/15/2006 11:36:00 AHST   2.06   2.27   0.21 -999 -999 -999 -999.9 -99.9  77.7 -999.9
11/15/2006 11:42:00 AHST   2.06   2.49   0.43 -999 -999 -999 -999.9 -99.9  77.5 -999.9
11/15/2006 11:48:00 AHST   2.05   2.71   0.66 -999 -999 -999 -999.9 -99.9  77.7 -999.9
11/15/2006 11:54:00 AHST   2.05   1.92  -0.13 -999 -999 -999 -999.9 -99.9  77.7 -999.9
11/15/2006 12:00:00 AHST   2.04   2.16   0.12 -999 -999 -999 -999.9 -99.9  77.9 -999.9
11/15/2006 12:06:00 AHST   2.04   2.08   0.04 -999 -999 -999 -999.9 -99.9  78.1 -999.9
11/15/2006 12:12:00 AHST   2.03   2.61   0.58 -999 -999 -999 -999.9 -99.9  78.1 -999.9
11/15/2006 12:18:00 AHST   2.01   2.43   0.42 -999 -999 -999 -999.9 -99.9  78.3 -999.9
11/15/2006 12:24:00 AHST   2.00   1.98  -0.02 -999 -999 -999 -999.9 -99.9  78.1 -999.9
11/15/2006 12:30:00 AHST   1.99   1.84  -0.15 -999 -999 -999 -999.9 -99.9  78.1 -999.9
11/15/2006 12:36:00 AHST   1.97   2.24   0.27 -999 -999 -999 -999.9 -99.9  78.3 -999.9
11/15/2006 12:42:00 AHST   1.95   2.27   0.32 -999 -999 -999 -999.9 -99.9  78.3 -999.9
11/15/2006 12:48:00 AHST   1.93   2.33   0.40 -999 -999 -999 -999.9 -99.9  78.3 -999.9
11/15/2006 12:54:00 AHST   1.91   1.92   0.01 -999 -999 -999 -999.9 -99.9  78.3 -999.9
11/15/2006 13:00:00 AHST   1.89   1.88  -0.01 -999 -999 -999 -999.9 -99.9  78.3 -999.9
11/15/2006 13:06:00 AHST   1.86   1.59  -0.27 -999 -999 -999 -999.9 -99.9  78.3 -999.9
11/15/2006 13:12:00 AHST   1.84   2.40   0.56 -999 -999 -999 -999.9 -99.9  78.3 -999.9
11/15/2006 13:18:00 AHST   1.81   2.30   0.49 -999 -999 -999 -999.9 -99.9  78.3 -999.9
11/15/2006 13:24:00 AHST   1.78   1.58  -0.20 -999 -999 -999 -999.9 -99.9  78.3 -999.9
11/15/2006 13:30:00 AHST   1.75   1.82   0.07 -999 -999 -999 -999.9 -99.9  78.3 -999.9
11/15/2006 13:36:00 AHST   1.72   1.59  -0.13 -999 -999 -999 -999.9 -99.9  78.3 -999.9
11/15/2006 13:42:00 AHST   1.68   2.09   0.41 -999 -999 -999 -999.9 -99.9  78.3 -999.9
11/15/2006 13:48:00 AHST   1.65   1.75   0.10 -999 -999 -999 -999.9 -99.9  78.3 -999.9
11/15/2006 13:54:00 AHST   1.61   1.78   0.17 -999 -999 -999 -999.9 -99.9  78.3 -999.9
11/15/2006 14:00:00 AHST   1.57   1.46  -0.11 -999 -999 -999 -999.9 -99.9  78.3 -999.9
11/15/2006 14:06:00 AHST   1.54   1.73   0.19 -999 -999 -999 -999.9 -99.9  78.3 -999.9
11/15/2006 14:12:00 AHST   1.50   1.52   0.02 -999 -999 -999 -999.9 -99.9  78.3 -999.9
11/15/2006 14:18:00 AHST   1.46   2.04   0.58 -999 -999 -999 -999.9 -99.9  78.3 -999.9
11/15/2006 14:24:00 AHST   1.42   1.30  -0.12 -999 -999 -999 -999.9 -99.9  78.3 -999.9
11/15/2006 14:30:00 AHST   1.38   1.18  -0.20 -999 -999 -999 -999.9 -99.9  78.1 -999.9
11/15/2006 14:36:00 AHST   1.34   1.44   0.10 -999 -999 -999 -999.9 -99.9  78.3 -999.9
11/15/2006 14:42:00 AHST   1.30   1.56   0.26 -999 -999 -999 -999.9 -99.9  78.3 -999.9
11/15/2006 14:48:00 AHST   1.26   1.10  -0.16 -999 -999 -999 -999.9 -99.9  78.3 -999.9
11/15/2006 14:54:00 AHST   1.22   1.47   0.25 -999 -999 -999 -999.9 -99.9  78.3 -999.9
11/15/2006 15:00:00 AHST   1.17   0.88  -0.29 -999 -999 -999 -999.9 -99.9  78.3 -999.9
11/15/2006 15:06:00 AHST   1.13   1.32   0.19 -999 -999 -999 -999.9 -99.9  78.3 -999.9
11/15/2006 15:12:00 AHST   1.09   1.09   0.00 -999 -999 -999 -999.9 -99.9  78.3 -999.9
11/15/2006 15:18:00 AHST   1.05   1.16   0.11 -999 -999 -999 -999.9 -99.9  78.3 -999.9
11/15/2006 15:24:00 AHST   1.01   0.93  -0.08 -999 -999 -999 -999.9 -99.9  78.3 -999.9
11/15/2006 15:30:00 AHST   0.97   1.02   0.05 -999 -999 -999 -999.9 -99.9  78.3 -999.9
11/15/2006 15:36:00 AHST   0.93   0.86  -0.07 -999 -999 -999 -999.9 -99.9  78.3 -999.9
11/15/2006 15:42:00 AHST   0.89   0.90   0.01 -999 -999 -999 -999.9 -99.9  78.3 -999.9
11/15/2006 15:48:00 AHST   0.85   0.68  -0.17 -999 -999 -999 -999.9 -99.9 -99.9 -999.9
11/15/2006 15:54:00 AHST   0.81   1.19   0.38 -999 -999 -999 -999.9 -99.9  78.3 -999.9
11/15/2006 16:00:00 AHST   0.77   0.57  -0.20 -999 -999 -999 -999.9 -99.9  78.1 -999.9
11/15/2006 16:06:00 AHST   0.73   1.07   0.34 -999 -999 -999 -999.9 -99.9  78.3 -999.9
11/15/2006 16:12:00 AHST   0.70   0.06  -0.64 -999 -999 -999 -999.9 -99.9  78.1 -999.9
11/15/2006 16:18:00 AHST   0.66   1.00   0.34 -999 -999 -999 -999.9 -99.9  78.3 -999.9
11/15/2006 16:24:00 AHST   0.63   0.60  -0.03 -999 -999 -999 -999.9 -99.9  78.3 -999.9
11/15/2006 16:30:00 AHST   0.59   0.71   0.12 -999 -999 -999 -999.9 -99.9  78.3 -999.9
11/15/2006 16:36:00 AHST   0.56   0.58   0.02 -999 -999 -999 -999.9 -99.9  78.3 -999.9
11/15/2006 16:42:00 AHST   0.53   0.71   0.18 -999 -999 -999 -999.9 -99.9  78.3 -999.9
11/15/2006 16:48:00 AHST   0.51  -0.13  -0.64 -999 -999 -999 -999.9 -99.9  78.1 -999.9
11/15/2006 16:54:00 AHST   0.48   0.72   0.24 -999 -999 -999 -999.9 -99.9  78.3 -999.9
11/15/2006 17:00:00 AHST   0.45   0.52   0.07 -999 -999 -999 -999.9 -99.9  78.3 -999.9
11/15/2006 17:06:00 AHST   0.43   0.69   0.26 -999 -999 -999 -999.9 -99.9  78.3 -999.9
11/15/2006 17:12:00 AHST   0.41   0.36  -0.05 -999 -999 -999 -999.9 -99.9  78.3 -999.9
11/15/2006 17:18:00 AHST   0.39  -0.01  -0.40 -999 -999 -999 -999.9 -99.9  78.3 -999.9
11/15/2006 17:24:00 AHST   0.37   0.18  -0.19 -999 -999 -999 -999.9 -99.9  78.1 -999.9
11/15/2006 17:30:00 AHST   0.35   1.16   0.81 -999 -999 -999 -999.9 -99.9  78.3 -999.9
11/15/2006 17:36:00 AHST   0.33   0.43   0.10 -999 -999 -999 -999.9 -99.9  78.3 -999.9
11/15/2006 17:42:00 AHST   0.32  -0.03  -0.35 -999 -999 -999 -999.9 -99.9  78.3 -999.9
11/15/2006 17:48:00 AHST   0.31   0.39   0.08 -999 -999 -999 -999.9 -99.9  78.3 -999.9
11/15/2006 17:54:00 AHST   0.31   0.08  -0.23 -999 -999 -999 -999.9 -99.9  78.3 -999.9
11/15/2006 18:00:00 AHST   0.30   0.51   0.21 -999 -999 -999 -999.9 -99.9 -99.9 -999.9
11/15/2006 18:06:00 AHST   0.29   1.05   0.76 -999 -999 -999 -999.9 -99.9  78.3 -999.9
11/15/2006 18:12:00 AHST   0.29  -0.16  -0.45 -999 -999 -999 -999.9 -99.9  78.3 -999.9
11/15/2006 18:18:00 AHST   0.29  -0.13  -0.42 -999 -999 -999 -999.9 -99.9  78.3 -999.9
11/15/2006 18:24:00 AHST   0.29   0.47   0.18 -999 -999 -999 -999.9 -99.9  78.4 -999.9
11/15/2006 18:30:00 AHST   0.29   0.57   0.28 -999 -999 -999 -999.9 -99.9  78.3 -999.9
11/15/2006 18:36:00 AHST   0.30   0.72   0.42 -999 -999 -999 -999.9 -99.9  78.3 -999.9
11/15/2006 18:42:00 AHST   0.31  -0.07  -0.38 -999 -999 -999 -999.9 -99.9  77.9 -999.9
11/15/2006 18:48:00 AHST   0.31   0.38   0.07 -999 -999 -999 -999.9 -99.9  78.3 -999.9
11/15/2006 18:54:00 AHST   0.33   0.39   0.06 -999 -999 -999 -999.9 -99.9  78.3 -999.9
11/15/2006 19:00:00 AHST   0.34   0.68   0.34 -999 -999 -999 -999.9 -99.9  78.4 -999.9
11/15/2006 19:06:00 AHST   0.35   0.72   0.37 -999 -999 -999 -999.9 -99.9  78.4 -999.9
11/15/2006 19:12:00 AHST   0.37   0.36  -0.01 -999 -999 -999 -999.9 -99.9  78.3 -999.9
11/15/2006 19:18:00 AHST   0.39   0.13  -0.26 -999 -999 -999 -999.9 -99.9  78.3 -999.9
11/15/2006 19:24:00 AHST   0.41   0.53   0.12 -999 -999 -999 -999.9 -99.9  78.3 -999.9
11/15/2006 19:30:00 AHST   0.43   0.91   0.48 -999 -999 -999 -999.9 -99.9  78.3 -999.9
11/15/2006 19:36:00 AHST   0.46   0.80   0.34 -999 -999 -999 -999.9 -99.9  78.3 -999.9
11/15/2006 19:42:00 AHST   0.49   0.63   0.14 -999 -999 -999 -999.9 -99.9  78.3 -999.9
11/15/2006 19:48:00 AHST   0.51   0.48  -0.03 -999 -999 -999 -999.9 -99.9  78.3 -999.9
11/15/2006 19:54:00 AHST   0.54   0.33  -0.21 -999 -999 -999 -999.9 -99.9  78.3 -999.9
11/15/2006 20:00:00 AHST   0.57   0.96   0.39 -999 -999 -999 -999.9 -99.9  78.1 -999.9
11/15/2006 20:06:00 AHST   0.60   0.82   0.22 -999 -999 -999 -999.9 -99.9  78.1 -999.9
11/15/2006 20:12:00 AHST   0.64   0.89   0.25 -999 -999 -999 -999.9 -99.9  78.1 -999.9
11/15/2006 20:18:00 AHST   0.67   0.75   0.08 -999 -999 -999 -999.9 -99.9  78.1 -999.9
11/15/2006 20:24:00 AHST   0.71   0.77   0.06 -999 -999 -999 -999.9 -99.9  77.9 -999.9
11/15/2006 20:30:00 AHST   0.74   0.64  -0.10 -999 -999 -999 -999.9 -99.9  77.7 -999.9
11/15/2006 20:36:00 AHST   0.78   1.07   0.29 -999 -999 -999 -999.9 -99.9  77.7 -999.9
11/15/2006 20:42:00 AHST   0.82   1.12   0.30 -999 -999 -999 -999.9 -99.9  77.7 -999.9
11/15/2006 20:48:00 AHST   0.86   1.08   0.22 -999 -999 -999 -999.9 -99.9  77.7 -999.9
11/15/2006 20:54:00 AHST   0.90   0.93   0.03 -999 -999 -999 -999.9 -99.9  77.7 -999.9
11/15/2006 21:00:00 AHST   0.94   1.12   0.18 -999 -999 -999 -999.9 -99.9  77.7 -999.9
11/15/2006 21:06:00 AHST   0.98   1.21   0.23 -999 -999 -999 -999.9 -99.9  77.7 -999.9
11/15/2006 21:12:00 AHST   1.02   1.26   0.24 -999 -999 -999 -999.9 -99.9  77.7 -999.9
11/15/2006 21:18:00 AHST   1.06   1.25   0.19 -999 -999 -999 -999.9 -99.9  77.7 -999.9
11/15/2006 21:24:00 AHST   1.11   1.34   0.23 -999 -999 -999 -999.9 -99.9  77.7 -999.9
11/15/2006 21:30:00 AHST   1.15   1.15   0.00 -999 -999 -999 -999.9 -99.9  77.7 -999.9
11/15/2006 21:36:00 AHST   1.19   1.52   0.33 -999 -999 -999 -999.9 -99.9  77.7 -999.9
11/15/2006 21:42:00 AHST   1.23   1.57   0.34 -999 -999 -999 -999.9 -99.9  77.9 -999.9
11/15/2006 21:48:00 AHST   1.27   1.23  -0.04 -999 -999 -999 -999.9 -99.9  77.7 -999.9
11/15/2006 21:54:00 AHST   1.32   1.36   0.04 -999 -999 -999 -999.9 -99.9  77.9 -999.9
11/15/2006 22:00:00 AHST   1.35   1.83   0.48 -999 -999 -999 -999.9 -99.9  77.9 -999.9
11/15/2006 22:06:00 AHST   1.40   1.47   0.07 -999 -999 -999 -999.9 -99.9  77.9 -999.9
11/15/2006 22:12:00 AHST   1.44   1.66   0.22 -999 -999 -999 -999.9 -99.9  77.9 -999.9
11/15/2006 22:18:00 AHST   1.48   1.59   0.11 -999 -999 -999 -999.9 -99.9  77.9 -999.9
11/15/2006 22:24:00 AHST   1.52   1.39  -0.13 -999 -999 -999 -999.9 -99.9  77.9 -999.9
11/15/2006 22:30:00 AHST   1.55   2.04   0.49 -999 -999 -999 -999.9 -99.9  77.9 -999.9
11/15/2006 22:36:00 AHST   1.59   1.72   0.13 -999 -999 -999 -999.9 -99.9  77.9 -999.9
11/15/2006 22:42:00 AHST   1.63   1.86   0.23 -999 -999 -999 -999.9 -99.9  77.9 -999.9
11/15/2006 22:48:00 AHST   1.66   1.74   0.08 -999 -999 -999 -999.9 -99.9  77.9 -999.9
11/15/2006 22:54:00 AHST   1.70   1.67  -0.03 -999 -999 -999 -999.9 -99.9  77.9 -999.9
11/15/2006 23:00:00 AHST   1.73   2.02   0.29 -999 -999 -999 -999.9 -99.9  77.9 -999.9
11/15/2006 23:06:00 AHST   1.76   2.10   0.34 -999 -999 -999 -999.9 -99.9  77.9 -999.9
11/15/2006 23:12:00 AHST   1.79   1.89   0.10 -999 -999 -999 -999.9 -99.9  77.9 -999.9
11/15/2006 23:18:00 AHST   1.82   2.15   0.33 -999 -999 -999 -999.9 -99.9  78.1 -999.9
11/15/2006 23:24:00 AHST   1.85   1.69  -0.16 -999 -999 -999 -999.9 -99.9  78.1 -999.9
11/15/2006 23:30:00 AHST   1.87   2.09   0.22 -999 -999 -999 -999.9 -99.9  78.1 -999.9
11/15/2006 23:36:00 AHST   1.90   2.25   0.35 -999 -999 -999 -999.9 -99.9  78.1 -999.9
11/15/2006 23:42:00 AHST   1.92   2.14   0.22 -999 -999 -999 -999.9 -99.9  78.1 -999.9
11/15/2006 23:48:00 AHST   1.94   2.13   0.19 -999 -999 -999 -999.9 -99.9  78.1 -999.9
11/15/2006 23:54:00 AHST   1.96   2.03   0.07 -999 -999 -999 -999.9 -99.9  78.1 -999.9
11/16/2006 00:00:00 AHST   1.98   2.25   0.27 -999 -999 -999 -999.9 -99.9  78.1 -999.9
11/16/2006 00:06:00 AHST   1.99   2.24   0.25 -999 -999 -999 -999.9 -99.9  78.1 -999.9
11/16/2006 00:12:00 AHST   2.00   2.37   0.37 -999 -999 -999 -999.9 -99.9  78.1 -999.9
11/16/2006 00:18:00 AHST   2.01   2.00  -0.01 -999 -999 -999 -999.9 -99.9  78.1 -999.9
11/16/2006 00:24:00 AHST   2.02   2.36   0.34 -999 -999 -999 -999.9 -99.9  78.3 -999.9
11/16/2006 00:30:00 AHST   2.03   2.03   0.00 -999 -999 -999 -999.9 -99.9  78.1 -999.9
11/16/2006 00:36:00 AHST   2.04   2.25   0.21 -999 -999 -999 -999.9 -99.9  78.3 -999.9
11/16/2006 00:42:00 AHST   2.04   2.40   0.36 -999 -999 -999 -999.9 -99.9  78.3 -999.9
11/16/2006 00:48:00 AHST   2.05   2.27   0.22 -999 -999 -999 -999.9 -99.9  78.1 -999.9
11/16/2006 00:54:00 AHST   2.05   2.00  -0.05 -999 -999 -999 -999.9 -99.9  78.1 -999.9
11/16/2006 01:00:00 AHST   2.05   2.21   0.16 -999 -999 -999 -999.9 -99.9  78.1 -999.9
11/16/2006 01:06:00 AHST   2.04   2.39   0.35 -999 -999 -999 -999.9 -99.9  78.1 -999.9
11/16/2006 01:12:00 AHST   2.04   2.11   0.07 -999 -999 -999 -999.9 -99.9  78.1 -999.9
11/16/2006 01:18:00 AHST   2.03   2.38   0.35 -999 -999 -999 -999.9 -99.9  78.1 -999.9
11/16/2006 01:24:00 AHST   2.02   2.09   0.07 -999 -999 -999 -999.9 -99.9  78.1 -999.9
11/16/2006 01:30:00 AHST   2.01   2.09   0.08 -999 -999 -999 -999.9 -99.9  78.1 -999.9
11/16/2006 01:36:00 AHST   2.00   2.31   0.31 -999 -999 -999 -999.9 -99.9  78.1 -999.9
11/16/2006 01:42:00 AHST   1.99   2.36   0.37 -999 -999 -999 -999.9 -99.9  78.1 -999.9
11/16/2006 01:48:00 AHST   1.98   2.25   0.27 -999 -999 -999 -999.9 -99.9  78.3 -999.9
11/16/2006 01:54:00 AHST   1.96   1.92  -0.04 -999 -999 -999 -999.9 -99.9  78.1 -999.9
11/16/2006 02:00:00 AHST   1.94   1.97   0.03 -999 -999 -999 -999.9 -99.9  78.1 -999.9
11/16/2006 02:06:00 AHST   1.92   2.27   0.35 -999 -999 -999 -999.9 -99.9  78.3 -999.9
11/16/2006 02:12:00 AHST   1.90   2.21   0.31 -999 -999 -999 -999.9 -99.9  78.3 -999.9
11/16/2006 02:18:00 AHST   1.88   1.90   0.02 -999 -999 -999 -999.9 -99.9  78.3 -999.9
11/16/2006 02:24:00 AHST   1.86   1.92   0.06 -999 -999 -999 -999.9 -99.9  78.3 -999.9
11/16/2006 02:30:00 AHST   1.83   2.17   0.34 -999 -999 -999 -999.9 -99.9  78.3 -999.9
11/16/2006 02:36:00 AHST   1.81   2.09   0.28 -999 -999 -999 -999.9 -99.9  78.3 -999.9
11/16/2006 02:42:00 AHST   1.78   1.62  -0.16 -999 -999 -999 -999.9 -99.9  78.1 -999.9
11/16/2006 02:48:00 AHST   1.76   2.25   0.49 -999 -999 -999 -999.9 -99.9  78.3 -999.9
11/16/2006 02:54:00 AHST   1.73   1.94   0.21 -999 -999 -999 -999.9 -99.9  78.3 -999.9
11/16/2006 03:00:00 AHST   1.70   1.72   0.02 -999 -999 -999 -999.9 -99.9  78.3 -999.9
11/16/2006 03:06:00 AHST   1.67   1.77   0.10 -999 -999 -999 -999.9 -99.9  78.3 -999.9
11/16/2006 03:12:00 AHST   1.64   2.10   0.46 -999 -999 -999 -999.9 -99.9  78.3 -999.9
11/16/2006 03:18:00 AHST   1.61   1.80   0.19 -999 -999 -999 -999.9 -99.9  78.3 -999.9
11/16/2006 03:24:00 AHST   1.58   1.71   0.13 -999 -999 -999 -999.9 -99.9  78.3 -999.9
11/16/2006 03:30:00 AHST   1.55   1.59   0.04 -999 -999 -999 -999.9 -99.9  78.3 -999.9
11/16/2006 03:36:00 AHST   1.52   1.66   0.14 -999 -999 -999 -999.9 -99.9  78.3 -999.9
11/16/2006 03:42:00 AHST   1.49   1.81   0.32 -999 -999 -999 -999.9 -99.9  78.3 -999.9
11/16/2006 03:48:00 AHST   1.46   1.75   0.29 -999 -999 -999 -999.9 -99.9  78.3 -999.9
11/16/2006 03:54:00 AHST   1.43   1.65   0.22 -999 -999 -999 -999.9 -99.9  78.3 -999.9
11/16/2006 04:00:00 AHST   1.40   1.45   0.05 -999 -999 -999 -999.9 -99.9  78.3 -999.9
11/16/2006 04:06:00 AHST   1.37   1.33  -0.04 -999 -999 -999 -999.9 -99.9  78.1 -999.9
11/16/2006 04:12:00 AHST   1.34   1.89   0.55 -999 -999 -999 -999.9 -99.9  78.3 -999.9
11/16/2006 04:18:00 AHST   1.31   1.48   0.17 -999 -999 -999 -999.9 -99.9  78.3 -999.9
11/16/2006 04:24:00 AHST   1.28   1.52   0.24 -999 -999 -999 -999.9 -99.9  78.3 -999.9
11/16/2006 04:30:00 AHST   1.25   1.37   0.12 -999 -999 -999 -999.9 -99.9  78.3 -999.9
11/16/2006 04:36:00 AHST   1.23   1.23   0.00 -999 -999 -999 -999.9 -99.9  78.3 -999.9
11/16/2006 04:42:00 AHST   1.20   1.63   0.43 -999 -999 -999 -999.9 -99.9  78.3 -999.9
11/16/2006 04:48:00 AHST   1.17   1.48   0.31 -999 -999 -999 -999.9 -99.9  78.3 -999.9
11/16/2006 04:54:00 AHST   1.15   1.25   0.10 -999 -999 -999 -999.9 -99.9  78.3 -999.9
11/16/2006 05:00:00 AHST   1.13   1.34   0.21 -999 -999 -999 -999.9 -99.9  78.3 -999.9
11/16/2006 05:06:00 AHST   1.10   1.27   0.17 -999 -999 -999 -999.9 -99.9  78.3 -999.9
11/16/2006 05:12:00 AHST   1.08   1.44   0.36 -999 -999 -999 -999.9 -99.9  78.3 -999.9
11/16/2006 05:18:00 AHST   1.06   1.08   0.02 -999 -999 -999 -999.9 -99.9  78.3 -999.9
11/16/2006 05:24:00 AHST   1.04   1.51   0.47 -999 -999 -999 -999.9 -99.9  78.3 -999.9
11/16/2006 05:30:00 AHST   1.02   0.97  -0.05 -999 -999 -999 -999.9 -99.9  78.3 -999.9
11/16/2006 05:36:00 AHST   1.01   1.53   0.52 -999 -999 -999 -999.9 -99.9  78.3 -999.9
11/16/2006 05:42:00 AHST   0.99   0.98  -0.01 -999 -999 -999 -999.9 -99.9  78.3 -999.9
11/16/2006 05:48:00 AHST   0.98   1.37   0.39 -999 -999 -999 -999.9 -99.9  78.3 -999.9
11/16/2006 05:54:00 AHST   0.97   1.12   0.15 -999 -999 -999 -999.9 -99.9  78.3 -999.9
11/16/2006 06:00:00 AHST   0.96   1.16   0.20 -999 -999 -999 -999.9 -99.9  78.3 -999.9
11/16/2006 06:06:00 AHST   0.95   1.25   0.30 -999 -999 -999 -999.9 -99.9  78.3 -999.9
11/16/2006 06:12:00 AHST   0.94   1.29   0.35 -999 -999 -999 -999.9 -99.9  78.3 -999.9
11/16/2006 06:18:00 AHST   0.94   1.11   0.17 -999 -999 -999 -999.9 -99.9  78.3 -999.9
11/16/2006 06:24:00 AHST   0.93   1.00   0.07 -999 -999 -999 -999.9 -99.9  78.1 -999.9
11/16/2006 06:30:00 AHST   0.93   1.41   0.48 -999 -999 -999 -999.9 -99.9  78.3 -999.9
11/16/2006 06:36:00 AHST   0.93   0.98   0.05 -999 -999 -999 -999.9 -99.9  78.3 -999.9
11/16/2006 06:42:00 AHST   0.93   1.11   0.18 -999 -999 -999 -999.9 -99.9  78.1 -999.9
11/16/2006 06:48:00 AHST   0.93   1.22   0.29 -999 -999 -999 -999.9 -99.9  78.3 -999.9
11/16/2006 06:54:00 AHST   0.94   1.12   0.18 -999 -999 -999 -999.9 -99.9  78.3 -999.9
11/16/2006 07:00:00 AHST   0.94   1.12   0.18 -999 -999 -999 -999.9 -99.9  78.1 -999.9
11/16/2006 07:06:00 AHST   0.95   1.12   0.17 -999 -999 -999 -999.9 -99.9  78.1 -999.9
11/16/2006 07:12:00 AHST   0.96   1.17   0.21 -999 -999 -999 -999.9 -99.9  78.1 -999.9
11/16/2006 07:18:00 AHST   0.97   1.20   0.23 -999 -999 -999 -999.9 -99.9  78.1 -999.9
11/16/2006 07:24:00 AHST   0.98   0.93  -0.05 -999 -999 -999 -999.9 -99.9  77.9 -999.9
11/16/2006 07:30:00 AHST   0.99   1.56   0.57 -999 -999 -999 -999.9 -99.9  78.1 -999.9
11/16/2006 07:36:00 AHST   1.01   0.87  -0.14 -999 -999 -999 -999.9 -99.9  78.1 -999.9
11/16/2006 07:42:00 AHST   1.02   1.36   0.34 -999 -999 -999 -999.9 -99.9  78.1 -999.9
11/16/2006 07:48:00 AHST   1.04   1.30   0.26 -999 -999 -999 -999.9 -99.9  78.1 -999.9
11/16/2006 07:54:00 AHST   1.06   1.15   0.09 -999 -999 -999 -999.9 -99.9  78.3 -999.9
11/16/2006 08:00:00 AHST   1.08   1.17   0.09 -999 -999 -999 -999.9 -99.9  78.3 -999.9
11/16/2006 08:06:00 AHST   1.10   1.44   0.34 -999 -999 -999 -999.9 -99.9  78.3 -999.9
11/16/2006 08:12:00 AHST   1.13   0.99  -0.14 -999 -999 -999 -999.9 -99.9  78.1 -999.9
11/16/2006 08:18:00 AHST   1.15   1.46   0.31 -999 -999 -999 -999.9 -99.9  78.3 -999.9
11/16/2006 08:24:00 AHST   1.17   1.47   0.30 -999 -999 -999 -999.9 -99.9  78.1 -999.9
11/16/2006 08:30:00 AHST   1.20   1.17  -0.03 -999 -999 -999 -999.9 -99.9  78.1 -999.9
11/16/2006 08:36:00 AHST   1.22   1.58   0.36 -999 -999 -999 -999.9 -99.9  78.1 -999.9
11/16/2006 08:42:00 AHST   1.25   1.19  -0.06 -999 -999 -999 -999.9 -99.9  78.1 -999.9
11/16/2006 08:48:00 AHST   1.28   1.24  -0.04 -999 -999 -999 -999.9 -99.9  78.1 -999.9
11/16/2006 08:54:00 AHST   1.31   1.70   0.39 -999 -999 -999 -999.9 -99.9  78.3 -999.9
11/16/2006 09:00:00 AHST   1.34   1.49   0.15 -999 -999 -999 -999.9 -99.9  78.3 -999.9
11/16/2006 09:06:00 AHST   1.36   1.28  -0.08 -999 -999 -999 -999.9 -99.9  78.3 -999.9
11/16/2006 09:12:00 AHST   1.39   1.22  -0.17 -999 -999 -999 -999.9 -99.9  77.7 -999.9
11/16/2006 09:18:00 AHST   1.42   1.81   0.39 -999 -999 -999 -999.9 -99.9  77.9 -999.9
11/16/2006 09:24:00 AHST   1.45 -99.99 -99.99 -999 -999 -999 -999.9 -99.9 -99.9 -999.9
11/16/2006 09:30:00 AHST   1.48 -99.99 -99.99 -999 -999 -999 -999.9 -99.9 -99.9 -999.9
11/16/2006 09:36:00 AHST   1.51 -99.99 -99.99 -999 -999 -999 -999.9 -99.9 -99.9 -999.9
11/16/2006 09:42:00 AHST   1.54 -99.99 -99.99 -999 -999 -999 -999.9 -99.9 -99.9 -999.9
11/16/2006 09:48:00 AHST   1.57 -99.99 -99.99 -999 -999 -999 -999.9 -99.9 -99.9 -999.9
11/16/2006 09:54:00 AHST   1.60 -99.99 -99.99 -999 -999 -999 -999.9 -99.9 -99.9 -999.9
11/16/2006 10:00:00 AHST   1.62 -99.99 -99.99 -999 -999 -999 -999.9 -99.9 -99.9 -999.9
11/16/2006 10:06:00 AHST   1.65 -99.99 -99.99 -999 -999 -999 -999.9 -99.9 -99.9 -999.9
11/16/2006 10:12:00 AHST   1.68 -99.99 -99.99 -999 -999 -999 -999.9 -99.9 -99.9 -999.9
11/16/2006 10:18:00 AHST   1.71 -99.99 -99.99 -999 -999 -999 -999.9 -99.9 -99.9 -999.9
11/16/2006 10:24:00 AHST   1.73 -99.99 -99.99 -999 -999 -999 -999.9 -99.9 -99.9 -999.9
11/16/2006 10:30:00 AHST   1.76 -99.99 -99.99 -999 -999 -999 -999.9 -99.9 -99.9 -999.9
11/16/2006 10:36:00 AHST   1.78 -99.99 -99.99 -999 -999 -999 -999.9 -99.9 -99.9 -999.9
11/16/2006 10:42:00 AHST   1.80 -99.99 -99.99 -999 -999 -999 -999.9 -99.9 -99.9 -999.9
11/16/2006 10:48:00 AHST   1.82 -99.99 -99.99 -999 -999 -999 -999.9 -99.9 -99.9 -999.9
11/16/2006 10:54:00 AHST   1.84 -99.99 -99.99 -999 -999 -999 -999.9 -99.9 -99.9 -999.9
11/16/2006 11:00:00 AHST   1.86 -99.99 -99.99 -999 -999 -999 -999.9 -99.9 -99.9 -999.9
11/16/2006 11:06:00 AHST   1.88 -99.99 -99.99 -999 -999 -999 -999.9 -99.9 -99.9 -999.9
11/16/2006 11:12:00 AHST   1.90 -99.99 -99.99 -999 -999 -999 -999.9 -99.9 -99.9 -999.9
11/16/2006 11:18:00 AHST   1.91 -99.99 -99.99 -999 -999 -999 -999.9 -99.9 -99.9 -999.9
11/16/2006 11:24:00 AHST   1.93 -99.99 -99.99 -999 -999 -999 -999.9 -99.9 -99.9 -999.9
11/16/2006 11:30:00 AHST   1.94 -99.99 -99.99 -999 -999 -999 -999.9 -99.9 -99.9 -999.9
11/16/2006 11:36:00 AHST   1.95 -99.99 -99.99 -999 -999 -999 -999.9 -99.9 -99.9 -999.9
11/16/2006 11:42:00 AHST   1.96 -99.99 -99.99 -999 -999 -999 -999.9 -99.9 -99.9 -999.9
11/16/2006 11:48:00 AHST   1.96 -99.99 -99.99 -999 -999 -999 -999.9 -99.9 -99.9 -999.9
11/16/2006 11:54:00 AHST   1.97 -99.99 -99.99 -999 -999 -999 -999.9 -99.9 -99.9 -999.9
11/16/2006 12:00:00 AHST   1.97 -99.99 -99.99 -999 -999 -999 -999.9 -99.9 -99.9 -999.9
11/16/2006 12:06:00 AHST   1.97 -99.99 -99.99 -999 -999 -999 -999.9 -99.9 -99.9 -999.9
11/16/2006 12:12:00 AHST   1.97 -99.99 -99.99 -999 -999 -999 -999.9 -99.9 -99.9 -999.9
11/16/2006 12:18:00 AHST   1.97 -99.99 -99.99 -999 -999 -999 -999.9 -99.9 -99.9 -999.9
11/16/2006 12:24:00 AHST   1.97 -99.99 -99.99 -999 -999 -999 -999.9 -99.9 -99.9 -999.9
11/16/2006 12:30:00 AHST   1.96 -99.99 -99.99 -999 -999 -999 -999.9 -99.9 -99.9 -999.9
11/16/2006 12:36:00 AHST   1.95 -99.99 -99.99 -999 -999 -999 -999.9 -99.9 -99.9 -999.9
11/16/2006 12:42:00 AHST   1.94 -99.99 -99.99 -999 -999 -999 -999.9 -99.9 -99.9 -999.9
11/16/2006 12:48:00 AHST   1.93 -99.99 -99.99 -999 -999 -999 -999.9 -99.9 -99.9 -999.9
11/16/2006 12:54:00 AHST   1.91 -99.99 -99.99 -999 -999 -999 -999.9 -99.9 -99.9 -999.9
11/16/2006 13:00:00 AHST   1.90 -99.99 -99.99 -999 -999 -999 -999.9 -99.9 -99.9 -999.9
11/16/2006 13:06:00 AHST   1.88 -99.99 -99.99 -999 -999 -999 -999.9 -99.9 -99.9 -999.9
11/16/2006 13:12:00 AHST   1.86 -99.99 -99.99 -999 -999 -999 -999.9 -99.9 -99.9 -999.9
11/16/2006 13:18:00 AHST   1.84 -99.99 -99.99 -999 -999 -999 -999.9 -99.9 -99.9 -999.9
11/16/2006 13:24:00 AHST   1.81 -99.99 -99.99 -999 -999 -999 -999.9 -99.9 -99.9 -999.9
11/16/2006 13:30:00 AHST   1.79 -99.99 -99.99 -999 -999 -999 -999.9 -99.9 -99.9 -999.9
11/16/2006 13:36:00 AHST   1.76 -99.99 -99.99 -999 -999 -999 -999.9 -99.9 -99.9 -999.9
11/16/2006 13:42:00 AHST   1.74 -99.99 -99.99 -999 -999 -999 -999.9 -99.9 -99.9 -999.9
11/16/2006 13:48:00 AHST   1.71 -99.99 -99.99 -999 -999 -999 -999.9 -99.9 -99.9 -999.9
11/16/2006 13:54:00 AHST   1.67 -99.99 -99.99 -999 -999 -999 -999.9 -99.9 -99.9 -999.9
11/16/2006 14:00:00 AHST   1.64 -99.99 -99.99 -999 -999 -999 -999.9 -99.9 -99.9 -999.9
11/16/2006 14:06:00 AHST   1.61 -99.99 -99.99 -999 -999 -999 -999.9 -99.9 -99.9 -999.9
11/16/2006 14:12:00 AHST   1.57 -99.99 -99.99 -999 -999 -999 -999.9 -99.9 -99.9 -999.9
11/16/2006 14:18:00 AHST   1.54 -99.99 -99.99 -999 -999 -999 -999.9 -99.9 -99.9 -999.9
11/16/2006 14:24:00 AHST   1.50 -99.99 -99.99 -999 -999 -999 -999.9 -99.9 -99.9 -999.9
11/16/2006 14:30:00 AHST   1.46 -99.99 -99.99 -999 -999 -999 -999.9 -99.9 -99.9 -999.9
11/16/2006 14:36:00 AHST   1.42 -99.99 -99.99 -999 -999 -999 -999.9 -99.9 -99.9 -999.9
11/16/2006 14:42:00 AHST   1.38 -99.99 -99.99 -999 -999 -999 -999.9 -99.9 -99.9 -999.9
11/16/2006 14:48:00 AHST   1.34 -99.99 -99.99 -999 -999 -999 -999.9 -99.9 -99.9 -999.9
11/16/2006 14:54:00 AHST   1.29 -99.99 -99.99 -999 -999 -999 -999.9 -99.9 -99.9 -999.9
11/16/2006 15:00:00 AHST   1.25 -99.99 -99.99 -999 -999 -999 -999.9 -99.9 -99.9 -999.9
11/16/2006 15:06:00 AHST   1.21 -99.99 -99.99 -999 -999 -999 -999.9 -99.9 -99.9 -999.9
11/16/2006 15:12:00 AHST   1.16 -99.99 -99.99 -999 -999 -999 -999.9 -99.9 -99.9 -999.9
11/16/2006 15:18:00 AHST   1.12 -99.99 -99.99 -999 -999 -999 -999.9 -99.9 -99.9 -999.9
11/16/2006 15:24:00 AHST   1.08 -99.99 -99.99 -999 -999 -999 -999.9 -99.9 -99.9 -999.9
11/16/2006 15:30:00 AHST   1.03 -99.99 -99.99 -999 -999 -999 -999.9 -99.9 -99.9 -999.9
11/16/2006 15:36:00 AHST   0.98 -99.99 -99.99 -999 -999 -999 -999.9 -99.9 -99.9 -999.9
11/16/2006 15:42:00 AHST   0.94 -99.99 -99.99 -999 -999 -999 -999.9 -99.9 -99.9 -999.9
11/16/2006 15:48:00 AHST   0.90 -99.99 -99.99 -999 -999 -999 -999.9 -99.9 -99.9 -999.9
11/16/2006 15:54:00 AHST   0.85 -99.99 -99.99 -999 -999 -999 -999.9 -99.9 -99.9 -999.9
11/16/2006 16:00:00 AHST   0.81 -99.99 -99.99 -999 -999 -999 -999.9 -99.9 -99.9 -999.9
11/16/2006 16:06:00 AHST   0.77 -99.99 -99.99 -999 -999 -999 -999.9 -99.9 -99.9 -999.9
11/16/2006 16:12:00 AHST   0.73 -99.99 -99.99 -999 -999 -999 -999.9 -99.9 -99.9 -999.9
11/16/2006 16:18:00 AHST   0.68 -99.99 -99.99 -999 -999 -999 -999.9 -99.9 -99.9 -999.9
11/16/2006 16:24:00 AHST   0.64 -99.99 -99.99 -999 -999 -999 -999.9 -99.9 -99.9 -999.9
11/16/2006 16:30:00 AHST   0.60 -99.99 -99.99 -999 -999 -999 -999.9 -99.9 -99.9 -999.9
11/16/2006 16:36:00 AHST   0.56 -99.99 -99.99 -999 -999 -999 -999.9 -99.9 -99.9 -999.9
11/16/2006 16:42:00 AHST   0.53 -99.99 -99.99 -999 -999 -999 -999.9 -99.9 -99.9 -999.9
11/16/2006 16:48:00 AHST   0.49 -99.99 -99.99 -999 -999 -999 -999.9 -99.9 -99.9 -999.9
11/16/2006 16:54:00 AHST   0.46 -99.99 -99.99 -999 -999 -999 -999.9 -99.9 -99.9 -999.9
11/16/2006 17:00:00 AHST   0.42 -99.99 -99.99 -999 -999 -999 -999.9 -99.9 -99.9 -999.9
11/16/2006 17:06:00 AHST   0.39 -99.99 -99.99 -999 -999 -999 -999.9 -99.9 -99.9 -999.9
11/16/2006 17:12:00 AHST   0.36 -99.99 -99.99 -999 -999 -999 -999.9 -99.9 -99.9 -999.9
11/16/2006 17:18:00 AHST   0.33 -99.99 -99.99 -999 -999 -999 -999.9 -99.9 -99.9 -999.9
11/16/2006 17:24:00 AHST   0.31 -99.99 -99.99 -999 -999 -999 -999.9 -99.9 -99.9 -999.9
11/16/2006 17:30:00 AHST   0.28 -99.99 -99.99 -999 -999 -999 -999.9 -99.9 -99.9 -999.9
11/16/2006 17:36:00 AHST   0.26 -99.99 -99.99 -999 -999 -999 -999.9 -99.9 -99.9 -999.9
11/16/2006 17:42:00 AHST   0.23 -99.99 -99.99 -999 -999 -999 -999.9 -99.9 -99.9 -999.9
11/16/2006 17:48:00 AHST   0.21 -99.99 -99.99 -999 -999 -999 -999.9 -99.9 -99.9 -999.9
11/16/2006 17:54:00 AHST   0.20 -99.99 -99.99 -999 -999 -999 -999.9 -99.9 -99.9 -999.9
11/16/2006 18:00:00 AHST   0.18 -99.99 -99.99 -999 -999 -999 -999.9 -99.9 -99.9 -999.9
11/16/2006 18:06:00 AHST   0.17 -99.99 -99.99 -999 -999 -999 -999.9 -99.9 -99.9 -999.9
11/16/2006 18:12:00 AHST   0.16 -99.99 -99.99 -999 -999 -999 -999.9 -99.9 -99.9 -999.9
11/16/2006 18:18:00 AHST   0.15 -99.99 -99.99 -999 -999 -999 -999.9 -99.9 -99.9 -999.9
11/16/2006 18:24:00 AHST   0.14 -99.99 -99.99 -999 -999 -999 -999.9 -99.9 -99.9 -999.9
11/16/2006 18:30:00 AHST   0.14 -99.99 -99.99 -999 -999 -999 -999.9 -99.9 -99.9 -999.9
11/16/2006 18:36:00 AHST   0.14 -99.99 -99.99 -999 -999 -999 -999.9 -99.9 -99.9 -999.9
11/16/2006 18:42:00 AHST   0.14 -99.99 -99.99 -999 -999 -999 -999.9 -99.9 -99.9 -999.9
11/16/2006 18:48:00 AHST   0.14 -99.99 -99.99 -999 -999 -999 -999.9 -99.9 -99.9 -999.9
11/16/2006 18:54:00 AHST   0.14 -99.99 -99.99 -999 -999 -999 -999.9 -99.9 -99.9 -999.9
11/16/2006 19:00:00 AHST   0.15 -99.99 -99.99 -999 -999 -999 -999.9 -99.9 -99.9 -999.9
11/16/2006 19:06:00 AHST   0.16 -99.99 -99.99 -999 -999 -999 -999.9 -99.9 -99.9 -999.9
11/16/2006 19:12:00 AHST   0.17 -99.99 -99.99 -999 -999 -999 -999.9 -99.9 -99.9 -999.9
11/16/2006 19:18:00 AHST   0.19 -99.99 -99.99 -999 -999 -999 -999.9 -99.9 -99.9 -999.9
11/16/2006 19:24:00 AHST   0.21 -99.99 -99.99 -999 -999 -999 -999.9 -99.9 -99.9 -999.9
11/16/2006 19:30:00 AHST   0.23 -99.99 -99.99 -999 -999 -999 -999.9 -99.9 -99.9 -999.9
11/16/2006 19:36:00 AHST   0.25 -99.99 -99.99 -999 -999 -999 -999.9 -99.9 -99.9 -999.9
11/16/2006 19:42:00 AHST   0.27 -99.99 -99.99 -999 -999 -999 -999.9 -99.9 -99.9 -999.9
11/16/2006 19:48:00 AHST   0.30 -99.99 -99.99 -999 -999 -999 -999.9 -99.9 -99.9 -999.9
11/16/2006 19:54:00 AHST   0.32 -99.99 -99.99 -999 -999 -999 -999.9 -99.9 -99.9 -999.9
11/16/2006 20:00:00 AHST   0.35 -99.99 -99.99 -999 -999 -999 -999.9 -99.9 -99.9 -999.9
11/16/2006 20:06:00 AHST   0.38 -99.99 -99.99 -999 -999 -999 -999.9 -99.9 -99.9 -999.9
11/16/2006 20:12:00 AHST   0.41 -99.99 -99.99 -999 -999 -999 -999.9 -99.9 -99.9 -999.9
11/16/2006 20:18:00 AHST   0.45 -99.99 -99.99 -999 -999 -999 -999.9 -99.9 -99.9 -999.9
11/16/2006 20:24:00 AHST   0.49 -99.99 -99.99 -999 -999 -999 -999.9 -99.9 -99.9 -999.9
11/16/2006 20:30:00 AHST   0.52 -99.99 -99.99 -999 -999 -999 -999.9 -99.9 -99.9 -999.9
11/16/2006 20:36:00 AHST   0.56 -99.99 -99.99 -999 -999 -999 -999.9 -99.9 -99.9 -999.9
11/16/2006 20:42:00 AHST   0.60 -99.99 -99.99 -999 -999 -999 -999.9 -99.9 -99.9 -999.9
11/16/2006 20:48:00 AHST   0.65 -99.99 -99.99 -999 -999 -999 -999.9 -99.9 -99.9 -999.9
11/16/2006 20:54:00 AHST   0.69 -99.99 -99.99 -999 -999 -999 -999.9 -99.9 -99.9 -999.9
11/16/2006 21:00:00 AHST   0.73 -99.99 -99.99 -999 -999 -999 -999.9 -99.9 -99.9 -999.9
11/16/2006 21:06:00 AHST   0.78 -99.99 -99.99 -999 -999 -999 -999.9 -99.9 -99.9 -999.9
11/16/2006 21:12:00 AHST   0.83 -99.99 -99.99 -999 -999 -999 -999.9 -99.9 -99.9 -999.9
11/16/2006 21:18:00 AHST   0.88 -99.99 -99.99 -999 -999 -999 -999.9 -99.9 -99.9 -999.9
11/16/2006 21:24:00 AHST   0.93 -99.99 -99.99 -999 -999 -999 -999.9 -99.9 -99.9 -999.9
11/16/2006 21:30:00 AHST   0.97 -99.99 -99.99 -999 -999 -999 -999.9 -99.9 -99.9 -999.9
11/16/2006 21:36:00 AHST   1.02 -99.99 -99.99 -999 -999 -999 -999.9 -99.9 -99.9 -999.9
11/16/2006 21:42:00 AHST   1.08 -99.99 -99.99 -999 -999 -999 -999.9 -99.9 -99.9 -999.9
11/16/2006 21:48:00 AHST   1.13 -99.99 -99.99 -999 -999 -999 -999.9 -99.9 -99.9 -999.9
11/16/2006 21:54:00 AHST   1.17 -99.99 -99.99 -999 -999 -999 -999.9 -99.9 -99.9 -999.9
11/16/2006 22:00:00 AHST   1.23 -99.99 -99.99 -999 -999 -999 -999.9 -99.9 -99.9 -999.9
11/16/2006 22:06:00 AHST   1.28 -99.99 -99.99 -999 -999 -999 -999.9 -99.9 -99.9 -999.9
11/16/2006 22:12:00 AHST   1.33 -99.99 -99.99 -999 -999 -999 -999.9 -99.9 -99.9 -999.9
11/16/2006 22:18:00 AHST   1.38 -99.99 -99.99 -999 -999 -999 -999.9 -99.9 -99.9 -999.9
11/16/2006 22:24:00 AHST   1.43 -99.99 -99.99 -999 -999 -999 -999.9 -99.9 -99.9 -999.9
11/16/2006 22:30:00 AHST   1.48 -99.99 -99.99 -999 -999 -999 -999.9 -99.9 -99.9 -999.9
11/16/2006 22:36:00 AHST   1.53 -99.99 -99.99 -999 -999 -999 -999.9 -99.9 -99.9 -999.9
11/16/2006 22:42:00 AHST   1.58 -99.99 -99.99 -999 -999 -999 -999.9 -99.9 -99.9 -999.9
11/16/2006 22:48:00 AHST   1.62 -99.99 -99.99 -999 -999 -999 -999.9 -99.9 -99.9 -999.9
11/16/2006 22:54:00 AHST   1.67 -99.99 -99.99 -999 -999 -999 -999.9 -99.9 -99.9 -999.9
11/16/2006 23:00:00 AHST   1.72 -99.99 -99.99 -999 -999 -999 -999.9 -99.9 -99.9 -999.9
11/16/2006 23:06:00 AHST   1.76 -99.99 -99.99 -999 -999 -999 -999.9 -99.9 -99.9 -999.9
11/16/2006 23:12:00 AHST   1.80 -99.99 -99.99 -999 -999 -999 -999.9 -99.9 -99.9 -999.9
11/16/2006 23:18:00 AHST   1.85 -99.99 -99.99 -999 -999 -999 -999.9 -99.9 -99.9 -999.9
11/16/2006 23:24:00 AHST   1.89 -99.99 -99.99 -999 -999 -999 -999.9 -99.9 -99.9 -999.9
11/16/2006 23:30:00 AHST   1.93 -99.99 -99.99 -999 -999 -999 -999.9 -99.9 -99.9 -999.9
11/16/2006 23:36:00 AHST   1.97 -99.99 -99.99 -999 -999 -999 -999.9 -99.9 -99.9 -999.9
11/16/2006 23:42:00 AHST   2.00 -99.99 -99.99 -999 -999 -999 -999.9 -99.9 -99.9 -999.9
11/16/2006 23:48:00 AHST   2.04 -99.99 -99.99 -999 -999 -999 -999.9 -99.9 -99.9 -999.9
11/16/2006 23:54:00 AHST   2.07 -99.99 -99.99 -999 -999 -999 -999.9 -99.9 -99.9 -999.9
11/17/2006 00:00:00 AHST   2.10 -99.99 -99.99 -999 -999 -999 -999.9 -99.9 -99.9 -999.9
11/17/2006 00:06:00 AHST   2.13 -99.99 -99.99 -999 -999 -999 -999.9 -99.9 -99.9 -999.9
11/17/2006 00:12:00 AHST   2.16 -99.99 -99.99 -999 -999 -999 -999.9 -99.9 -99.9 -999.9
11/17/2006 00:18:00 AHST   2.19 -99.99 -99.99 -999 -999 -999 -999.9 -99.9 -99.9 -999.9
11/17/2006 00:24:00 AHST   2.21 -99.99 -99.99 -999 -999 -999 -999.9 -99.9 -99.9 -999.9
11/17/2006 00:30:00 AHST   2.23 -99.99 -99.99 -999 -999 -999 -999.9 -99.9 -99.9 -999.9
11/17/2006 00:36:00 AHST   2.25 -99.99 -99.99 -999 -999 -999 -999.9 -99.9 -99.9 -999.9
11/17/2006 00:42:00 AHST   2.26 -99.99 -99.99 -999 -999 -999 -999.9 -99.9 -99.9 -999.9
11/17/2006 00:48:00 AHST   2.28 -99.99 -99.99 -999 -999 -999 -999.9 -99.9 -99.9 -999.9
11/17/2006 00:54:00 AHST   2.29 -99.99 -99.99 -999 -999 -999 -999.9 -99.9 -99.9 -999.9
11/17/2006 01:00:00 AHST   2.30 -99.99 -99.99 -999 -999 -999 -999.9 -99.9 -99.9 -999.9
11/17/2006 01:06:00 AHST   2.31 -99.99 -99.99 -999 -999 -999 -999.9 -99.9 -99.9 -999.9
11/17/2006 01:12:00 AHST   2.32 -99.99 -99.99 -999 -999 -999 -999.9 -99.9 -99.9 -999.9
11/17/2006 01:18:00 AHST   2.32 -99.99 -99.99 -999 -999 -999 -999.9 -99.9 -99.9 -999.9
11/17/2006 01:24:00 AHST   2.32 -99.99 -99.99 -999 -999 -999 -999.9 -99.9 -99.9 -999.9
11/17/2006 01:30:00 AHST   2.32 -99.99 -99.99 -999 -999 -999 -999.9 -99.9 -99.9 -999.9
11/17/2006 01:36:00 AHST   2.32 -99.99 -99.99 -999 -999 -999 -999.9 -99.9 -99.9 -999.9
11/17/2006 01:42:00 AHST   2.32 -99.99 -99.99 -999 -999 -999 -999.9 -99.9 -99.9 -999.9
11/17/2006 01:48:00 AHST   2.31 -99.99 -99.99 -999 -999 -999 -999.9 -99.9 -99.9 -999.9
11/17/2006 01:54:00 AHST   2.30 -99.99 -99.99 -999 -999 -999 -999.9 -99.9 -99.9 -999.9
11/17/2006 02:00:00 AHST   2.29 -99.99 -99.99 -999 -999 -999 -999.9 -99.9 -99.9 -999.9
11/17/2006 02:06:00 AHST   2.28 -99.99 -99.99 -999 -999 -999 -999.9 -99.9 -99.9 -999.9
11/17/2006 02:12:00 AHST   2.26 -99.99 -99.99 -999 -999 -999 -999.9 -99.9 -99.9 -999.9
11/17/2006 02:18:00 AHST   2.24 -99.99 -99.99 -999 -999 -999 -999.9 -99.9 -99.9 -999.9
11/17/2006 02:24:00 AHST   2.23 -99.99 -99.99 -999 -999 -999 -999.9 -99.9 -99.9 -999.9
11/17/2006 02:30:00 AHST   2.20 -99.99 -99.99 -999 -999 -999 -999.9 -99.9 -99.9 -999.9
11/17/2006 02:36:00 AHST   2.19 -99.99 -99.99 -999 -999 -999 -999.9 -99.9 -99.9 -999.9
11/17/2006 02:42:00 AHST   2.16 -99.99 -99.99 -999 -999 -999 -999.9 -99.9 -99.9 -999.9
11/17/2006 02:48:00 AHST   2.14 -99.99 -99.99 -999 -999 -999 -999.9 -99.9 -99.9 -999.9
11/17/2006 02:54:00 AHST   2.11 -99.99 -99.99 -999 -999 -999 -999.9 -99.9 -99.9 -999.9
11/17/2006 03:00:00 AHST   2.08 -99.99 -99.99 -999 -999 -999 -999.9 -99.9 -99.9 -999.9
11/17/2006 03:06:00 AHST   2.05 -99.99 -99.99 -999 -999 -999 -999.9 -99.9 -99.9 -999.9
11/17/2006 03:12:00 AHST   2.02 -99.99 -99.99 -999 -999 -999 -999.9 -99.9 -99.9 -999.9
11/17/2006 03:18:00 AHST   1.99 -99.99 -99.99 -999 -999 -999 -999.9 -99.9 -99.9 -999.9
11/17/2006 03:24:00 AHST   1.96 -99.99 -99.99 -999 -999 -999 -999.9 -99.9 -99.9 -999.9
11/17/2006 03:30:00 AHST   1.92 -99.99 -99.99 -999 -999 -999 -999.9 -99.9 -99.9 -999.9
11/17/2006 03:36:00 AHST   1.89 -99.99 -99.99 -999 -999 -999 -999.9 -99.9 -99.9 -999.9
11/17/2006 03:42:00 AHST   1.85 -99.99 -99.99 -999 -999 -999 -999.9 -99.9 -99.9 -999.9
11/17/2006 03:48:00 AHST   1.82 -99.99 -99.99 -999 -999 -999 -999.9 -99.9 -99.9 -999.9
11/17/2006 03:54:00 AHST   1.78 -99.99 -99.99 -999 -999 -999 -999.9 -99.9 -99.9 -999.9
11/17/2006 04:00:00 AHST   1.75 -99.99 -99.99 -999 -999 -999 -999.9 -99.9 -99.9 -999.9
11/17/2006 04:06:00 AHST   1.71 -99.99 -99.99 -999 -999 -999 -999.9 -99.9 -99.9 -999.9
11/17/2006 04:12:00 AHST   1.67 -99.99 -99.99 -999 -999 -999 -999.9 -99.9 -99.9 -999.9
11/17/2006 04:18:00 AHST   1.63 -99.99 -99.99 -999 -999 -999 -999.9 -99.9 -99.9 -999.9
11/17/2006 04:24:00 AHST   1.59 -99.99 -99.99 -999 -999 -999 -999.9 -99.9 -99.9 -999.9
11/17/2006 04:30:00 AHST   1.56 -99.99 -99.99 -999 -999 -999 -999.9 -99.9 -99.9 -999.9
11/17/2006 04:36:00 AHST   1.52 -99.99 -99.99 -999 -999 -999 -999.9 -99.9 -99.9 -999.9
11/17/2006 04:42:00 AHST   1.49 -99.99 -99.99 -999 -999 -999 -999.9 -99.9 -99.9 -999.9
11/17/2006 04:48:00 AHST   1.45 -99.99 -99.99 -999 -999 -999 -999.9 -99.9 -99.9 -999.9
11/17/2006 04:54:00 AHST   1.41 -99.99 -99.99 -999 -999 -999 -999.9 -99.9 -99.9 -999.9
11/17/2006 05:00:00 AHST   1.38 -99.99 -99.99 -999 -999 -999 -999.9 -99.9 -99.9 -999.9
11/17/2006 05:06:00 AHST   1.34 -99.99 -99.99 -999 -999 -999 -999.9 -99.9 -99.9 -999.9
11/17/2006 05:12:00 AHST   1.31 -99.99 -99.99 -999 -999 -999 -999.9 -99.9 -99.9 -999.9
11/17/2006 05:18:00 AHST   1.28 -99.99 -99.99 -999 -999 -999 -999.9 -99.9 -99.9 -999.9
11/17/2006 05:24:00 AHST   1.24 -99.99 -99.99 -999 -999 -999 -999.9 -99.9 -99.9 -999.9
11/17/2006 05:30:00 AHST   1.21 -99.99 -99.99 -999 -999 -999 -999.9 -99.9 -99.9 -999.9
11/17/2006 05:36:00 AHST   1.18 -99.99 -99.99 -999 -999 -999 -999.9 -99.9 -99.9 -999.9
11/17/2006 05:42:00 AHST   1.15 -99.99 -99.99 -999 -999 -999 -999.9 -99.9 -99.9 -999.9
11/17/2006 05:48:00 AHST   1.13 -99.99 -99.99 -999 -999 -999 -999.9 -99.9 -99.9 -999.9
11/17/2006 05:54:00 AHST   1.10 -99.99 -99.99 -999 -999 -999 -999.9 -99.9 -99.9 -999.9
11/17/2006 06:00:00 AHST   1.08 -99.99 -99.99 -999 -999 -999 -999.9 -99.9 -99.9 -999.9
11/17/2006 06:06:00 AHST   1.05 -99.99 -99.99 -999 -999 -999 -999.9 -99.9 -99.9 -999.9
11/17/2006 06:12:00 AHST   1.03 -99.99 -99.99 -999 -999 -999 -999.9 -99.9 -99.9 -999.9
11/17/2006 06:18:00 AHST   1.01 -99.99 -99.99 -999 -999 -999 -999.9 -99.9 -99.9 -999.9
11/17/2006 06:24:00 AHST   0.99 -99.99 -99.99 -999 -999 -999 -999.9 -99.9 -99.9 -999.9
11/17/2006 06:30:00 AHST   0.98 -99.99 -99.99 -999 -999 -999 -999.9 -99.9 -99.9 -999.9
11/17/2006 06:36:00 AHST   0.96 -99.99 -99.99 -999 -999 -999 -999.9 -99.9 -99.9 -999.9
11/17/2006 06:42:00 AHST   0.95 -99.99 -99.99 -999 -999 -999 -999.9 -99.9 -99.9 -999.9
11/17/2006 06:48:00 AHST   0.94 -99.99 -99.99 -999 -999 -999 -999.9 -99.9 -99.9 -999.9
11/17/2006 06:54:00 AHST   0.93 -99.99 -99.99 -999 -999 -999 -999.9 -99.9 -99.9 -999.9
11/17/2006 07:00:00 AHST   0.92 -99.99 -99.99 -999 -999 -999 -999.9 -99.9 -99.9 -999.9
11/17/2006 07:06:00 AHST   0.92 -99.99 -99.99 -999 -999 -999 -999.9 -99.9 -99.9 -999.9
11/17/2006 07:12:00 AHST   0.91 -99.99 -99.99 -999 -999 -999 -999.9 -99.9 -99.9 -999.9
11/17/2006 07:18:00 AHST   0.91 -99.99 -99.99 -999 -999 -999 -999.9 -99.9 -99.9 -999.9
11/17/2006 07:24:00 AHST   0.91 -99.99 -99.99 -999 -999 -999 -999.9 -99.9 -99.9 -999.9
11/17/2006 07:30:00 AHST   0.91 -99.99 -99.99 -999 -999 -999 -999.9 -99.9 -99.9 -999.9
11/17/2006 07:36:00 AHST   0.91 -99.99 -99.99 -999 -999 -999 -999.9 -99.9 -99.9 -999.9
11/17/2006 07:42:00 AHST   0.92 -99.99 -99.99 -999 -999 -999 -999.9 -99.9 -99.9 -999.9
11/17/2006 07:48:00 AHST   0.92 -99.99 -99.99 -999 -999 -999 -999.9 -99.9 -99.9 -999.9
11/17/2006 07:54:00 AHST   0.93 -99.99 -99.99 -999 -999 -999 -999.9 -99.9 -99.9 -999.9
11/17/2006 08:00:00 AHST   0.94 -99.99 -99.99 -999 -999 -999 -999.9 -99.9 -99.9 -999.9
11/17/2006 08:06:00 AHST   0.95 -99.99 -99.99 -999 -999 -999 -999.9 -99.9 -99.9 -999.9
11/17/2006 08:12:00 AHST   0.96 -99.99 -99.99 -999 -999 -999 -999.9 -99.9 -99.9 -999.9
11/17/2006 08:18:00 AHST   0.98 -99.99 -99.99 -999 -999 -999 -999.9 -99.9 -99.9 -999.9
11/17/2006 08:24:00 AHST   0.99 -99.99 -99.99 -999 -999 -999 -999.9 -99.9 -99.9 -999.9
11/17/2006 08:30:00 AHST   1.01 -99.99 -99.99 -999 -999 -999 -999.9 -99.9 -99.9 -999.9
11/17/2006 08:36:00 AHST   1.03 -99.99 -99.99 -999 -999 -999 -999.9 -99.9 -99.9 -999.9
11/17/2006 08:42:00 AHST   1.05 -99.99 -99.99 -999 -999 -999 -999.9 -99.9 -99.9 -999.9
11/17/2006 08:48:00 AHST   1.07 -99.99 -99.99 -999 -999 -999 -999.9 -99.9 -99.9 -999.9
11/17/2006 08:54:00 AHST   1.09 -99.99 -99.99 -999 -999 -999 -999.9 -99.9 -99.9 -999.9
11/17/2006 09:00:00 AHST   1.12 -99.99 -99.99 -999 -999 -999 -999.9 -99.9 -99.9 -999.9
11/17/2006 09:06:00 AHST   1.14 -99.99 -99.99 -999 -999 -999 -999.9 -99.9 -99.9 -999.9
11/17/2006 09:12:00 AHST   1.16 -99.99 -99.99 -999 -999 -999 -999.9 -99.9 -99.9 -999.9
11/17/2006 09:18:00 AHST   1.19 -99.99 -99.99 -999 -999 -999 -999.9 -99.9 -99.9 -999.9
11/17/2006 09:24:00 AHST   1.22 -99.99 -99.99 -999 -999 -999 -999.9 -99.9 -99.9 -999.9
11/17/2006 09:30:00 AHST   1.25 -99.99 -99.99 -999 -999 -999 -999.9 -99.9 -99.9 -999.9
11/17/2006 09:36:00 AHST   1.27 -99.99 -99.99 -999 -999 -999 -999.9 -99.9 -99.9 -999.9
11/17/2006 09:42:00 AHST   1.30 -99.99 -99.99 -999 -999 -999 -999.9 -99.9 -99.9 -999.9
11/17/2006 09:48:00 AHST   1.33 -99.99 -99.99 -999 -999 -999 -999.9 -99.9 -99.9 -999.9
